# Created by Octave 5.1.0, Sun Apr 14 20:27:58 2019 EEST <calin@agilefreaks>
# name: v
# type: matrix
# rows: 10
# columns: 1
 399900
 329900
 369000
 232000
 539900
 299900
 314900
 198999
 212000
 242500


